capital-common-countries: 0.40711462450592883
capital-world: 0.1867816091954023
city-in-state: 0.04377786785569518
currency: 0.17321016166281755
family: 0.2075098814229249
gram1-adjective-to-adverb: 0.015120967741935484
gram2-opposite: 0.003694581280788177
gram3-comparative: 0.10135135135135136
gram4-superlative: 0.024955436720142603
gram5-present-participle: 0.020833333333333332
gram6-nationality-adjective: 0.6447779862414009
gram7-past-tense: 0.023076923076923078
gram8-plural: 0.07057057057057058
gram9-plural-verbs: 0.09080459770114943
