capital-common-countries: 0.4051383399209486
capital-world: 0.1896551724137931
city-in-state: 0.04458856911228212
currency: 0.17436489607390301
family: 0.20553359683794467
gram1-adjective-to-adverb: 0.017137096774193547
gram2-opposite: 0.0049261083743842365
gram3-comparative: 0.11036036036036036
gram4-superlative: 0.020499108734402853
gram5-present-participle: 0.021780303030303032
gram6-nationality-adjective: 0.6322701688555347
gram7-past-tense: 0.01858974358974359
gram8-plural: 0.06906906906906907
gram9-plural-verbs: 0.07931034482758621
