capital-common-countries: 0.4090909090909091
capital-world: 0.1918656056587091
city-in-state: 0.04418321848398865
currency: 0.16628175519630484
family: 0.2015810276679842
gram1-adjective-to-adverb: 0.019153225806451613
gram2-opposite: 0.0024630541871921183
gram3-comparative: 0.1021021021021021
gram4-superlative: 0.026737967914438502
gram5-present-participle: 0.020833333333333332
gram6-nationality-adjective: 0.6422764227642277
gram7-past-tense: 0.026282051282051282
gram8-plural: 0.06906906906906907
gram9-plural-verbs: 0.0896551724137931
